ID        X         Y         H         D         
第1段
K0        4574.012  3358.300  12.922    
Z1        4565.251  3363.121  14.029    
Z2        4556.490  3367.943  16.790    
Z3        4547.729  3372.764  17.950    
Z4        4538.968  3377.586  19.102    
第2段
K1        4534.227  3380.195  19.925    
Z5        4530.360  3382.664  18.380    
Z6        4521.931  3388.045  18.054    
Z7        4513.502  3393.426  17.665    
Z8        4505.073  3398.807  13.110    
K2        4497.844  3403.422  10.836    

ID        X         Y         H         D         
第1段
N-5       4566.173  3391.150  11.473    -25.000   
N-4       4563.762  3386.769  12.209    -20.000   
N-3       4561.352  3382.389  12.428    -15.000   
N-2       4558.941  3378.008  14.264    -10.000   
N-1       4556.530  3373.628  15.696    -5.000    
N0        4554.120  3369.248  16.820    0.000     
N1        4551.709  3364.867  16.821    5.000     
N2        4549.298  3360.487  16.763    10.000    
N3        4546.887  3356.106  16.718    15.000    
N4        4544.477  3351.726  16.704    20.000    
N5        4542.066  3347.345  16.699    25.000    
第2段
N-5       4529.488  3412.881  14.470    -25.000   
N-4       4526.797  3408.666  14.613    -20.000   
N-3       4524.107  3404.452  15.022    -15.000   
N-2       4521.416  3400.237  15.739    -10.000   
N-1       4518.726  3396.023  17.810    -5.000    
N0        4516.036  3391.809  17.826    0.000     
N1        4513.345  3387.594  17.005    5.000     
N2        4510.655  3383.380  15.036    10.000    
N3        4507.964  3379.165  15.914    15.000    
N4        4505.274  3374.951  15.032    20.000    
N5        4502.583  3370.736  15.011    25.000    
纵断面面积：572.859
总长度：88.577
横断面面积：262.548
横断面面积：293.683

